{
    "model_path": "/home/ola/projects/weldpiece-pose-datasets/3d-models/corner.ply",
    "img_dir": "/home/ola/projects/weldpiece-pose-datasets/ds-projects/wp-alu-corner/captures",
    "poses": {
        "img_0-undist.png": {
            "K": [
                [
                    2130.9,
                    0.0,
                    1058.4
                ],
                [
                    0.0,
                    2127.4,
                    1102.8
                ],
                [
                    0.0,
                    0.0,
                    1.0
                ]
            ],
            "T_CO": [
                [
                    -0.6224122306598013,
                    -0.6747263750735246,
                    0.3966703088274077,
                    0.026240807064259908
                ],
                [
                    -0.782036447116641,
                    0.5154093285390581,
                    -0.350388669103466,
                    -0.04206300380352341
                ],
                [
                    0.03196889904690344,
                    -0.528296832126654,
                    -0.8484576870172553,
                    1.4117786057559247
                ],
                [
                    0.0,
                    0.0,
                    0.0,
                    1.0
                ]
            ]
        },
        "img_90-undist.png": {
            "K": [
                [
                    2130.9,
                    0.0,
                    1058.4
                ],
                [
                    0.0,
                    2127.4,
                    1102.8
                ],
                [
                    0.0,
                    0.0,
                    1.0
                ]
            ],
            "T_CO": [
                [
                    -0.18404997318426947,
                    0.9649441289148742,
                    -0.18710541265175717,
                    0.008702000083914304
                ],
                [
                    0.6651499780240321,
                    -0.017879326527678697,
                    -0.7464957042190841,
                    -0.052899852848486736
                ],
                [
                    -0.7236719658142762,
                    -0.26184567545718823,
                    -0.6385418765741756,
                    1.2840573167928309
                ],
                [
                    0.0,
                    0.0,
                    0.0,
                    1.0
                ]
            ]
        },
        "img_105-undist.png": {
            "K": [
                [
                    2130.9,
                    0.0,
                    1058.4
                ],
                [
                    0.0,
                    2127.4,
                    1102.8
                ],
                [
                    0.0,
                    0.0,
                    1.0
                ]
            ],
            "T_CO": [
                [
                    0.6181459223489258,
                    0.7649218388715184,
                    -0.18108064253478226,
                    0.026824011155375582
                ],
                [
                    0.4125556628949967,
                    -0.5117869838148652,
                    -0.7535727623865878,
                    -0.021236732617598255
                ],
                [
                    -0.6690989789983728,
                    0.39111208574409656,
                    -0.6319318734549142,
                    1.2533112600406486
                ],
                [
                    0.0,
                    0.0,
                    0.0,
                    1.0
                ]
            ]
        },
        "img_43-undist.png": {
            "K": [
                [
                    2130.9,
                    0.0,
                    1058.4
                ],
                [
                    0.0,
                    2127.4,
                    1102.8
                ],
                [
                    0.0,
                    0.0,
                    1.0
                ]
            ],
            "T_CO": [
                [
                    -0.44481723517410754,
                    0.8926626564610163,
                    -0.07273932259805796,
                    -0.11030606773088382
                ],
                [
                    0.8021049843927978,
                    0.3609230728043255,
                    -0.4757752931055942,
                    -0.1261999848746582
                ],
                [
                    -0.3984535371963621,
                    -0.26997762366063927,
                    -0.8765539694840596,
                    1.6078553445639179
                ],
                [
                    0.0,
                    0.0,
                    0.0,
                    1.0
                ]
            ]
        },
        "img_46-undist.png": {
            "K": [
                [
                    2130.9,
                    0.0,
                    1058.4
                ],
                [
                    0.0,
                    2127.4,
                    1102.8
                ],
                [
                    0.0,
                    0.0,
                    1.0
                ]
            ],
            "T_CO": [
                [
                    0.009192481899264051,
                    0.9980078999996227,
                    -0.06241578177732732,
                    -0.11830788210318223
                ],
                [
                    0.8785124227885065,
                    -0.03787453786315129,
                    -0.47621575193174925,
                    -0.09912474650482245
                ],
                [
                    -0.47763105142232987,
                    -0.05045543498966149,
                    -0.877110499194488,
                    1.5917545468854573
                ],
                [
                    0.0,
                    0.0,
                    0.0,
                    1.0
                ]
            ]
        },
        "img_47-undist.png": {
            "K": [
                [
                    2130.9,
                    0.0,
                    1058.4
                ],
                [
                    0.0,
                    2127.4,
                    1102.8
                ],
                [
                    0.0,
                    0.0,
                    1.0
                ]
            ],
            "T_CO": [
                [
                    0.16725283293203377,
                    0.9838715644778256,
                    -0.06342897199359344,
                    -0.11662305857651264
                ],
                [
                    0.8609254247004691,
                    -0.17709847487180227,
                    -0.4769104143362755,
                    -0.08984731323977947
                ],
                [
                    -0.4804517696715514,
                    0.025157003200633715,
                    -0.8766602661290392,
                    1.5891069426276363
                ],
                [
                    0.0,
                    0.0,
                    0.0,
                    1.0
                ]
            ]
        },
        "img_5-undist.png": {
            "K": [
                [
                    2130.9,
                    0.0,
                    1058.4
                ],
                [
                    0.0,
                    2127.4,
                    1102.8
                ],
                [
                    0.0,
                    0.0,
                    1.0
                ]
            ],
            "T_CO": [
                [
                    -0.41315063533704877,
                    -0.8146791660860634,
                    0.4069452160499118,
                    0.03452298616904667
                ],
                [
                    -0.8944745441050762,
                    0.2791513866588791,
                    -0.3492703727407189,
                    -0.02581367689366542
                ],
                [
                    0.17094397464844724,
                    -0.5083034130042224,
                    -0.8440413484300696,
                    1.4039708291992528
                ],
                [
                    0.0,
                    0.0,
                    0.0,
                    1.0
                ]
            ]
        },
        "img_10-undist.png": {
            "K": [
                [
                    2130.9,
                    0.0,
                    1058.4
                ],
                [
                    0.0,
                    2127.4,
                    1102.8
                ],
                [
                    0.0,
                    0.0,
                    1.0
                ]
            ],
            "T_CO": [
                [
                    0.07231115095425274,
                    -0.9096580110610973,
                    0.4090151590834256,
                    0.04234124527161222
                ],
                [
                    -0.9085513782774127,
                    -0.22925827978610125,
                    -0.34924924363516047,
                    0.01134583628872323
                ],
                [
                    0.4114674841076573,
                    -0.3463566717444411,
                    -0.8430489697877745,
                    1.3944776336850238
                ],
                [
                    0.0,
                    0.0,
                    0.0,
                    1.0
                ]
            ]
        },
        "img_45-undist.png": {
            "K": [
                [
                    2130.9,
                    0.0,
                    1058.4
                ],
                [
                    0.0,
                    2127.4,
                    1102.8
                ],
                [
                    0.0,
                    0.0,
                    1.0
                ]
            ],
            "T_CO": [
                [
                    -0.14914083557896346,
                    0.9865873167066154,
                    -0.06635116936760689,
                    -0.11715029149831843
                ],
                [
                    0.8721934460974009,
                    0.09964016467666688,
                    -0.4789054501338931,
                    -0.10872255533847165
                ],
                [
                    -0.46587080156149363,
                    -0.1292954140596138,
                    -0.8753554090514346,
                    1.59707747521753
                ],
                [
                    0.0,
                    0.0,
                    0.0,
                    1.0
                ]
            ]
        },
        "img_53-undist.png": {
            "K": [
                [
                    2130.9,
                    0.0,
                    1058.4
                ],
                [
                    0.0,
                    2127.4,
                    1102.8
                ],
                [
                    0.0,
                    0.0,
                    1.0
                ]
            ],
            "T_CO": [
                [
                    0.9128845217622771,
                    0.40366405185400744,
                    -0.060804466675263145,
                    -0.07543032709286449
                ],
                [
                    0.32899573109834185,
                    -0.8156955252041334,
                    -0.47581784233151736,
                    -0.048594821341076545
                ],
                [
                    -0.24166848955940767,
                    0.41436233347489304,
                    -0.8774395692874328,
                    1.5676070255357275
                ],
                [
                    0.0,
                    0.0,
                    0.0,
                    1.0
                ]
            ]
        },
        "img_19-undist.png": {
            "K": [
                [
                    2130.9,
                    0.0,
                    1058.4
                ],
                [
                    0.0,
                    2127.4,
                    1102.8
                ],
                [
                    0.0,
                    0.0,
                    1.0
                ]
            ],
            "T_CO": [
                [
                    0.8522545584971767,
                    -0.3234366363538273,
                    0.41115801072690444,
                    0.002797757682106307
                ],
                [
                    -0.19129452802169464,
                    -0.9242123519597338,
                    -0.33051162163230263,
                    0.059092859241804206
                ],
                [
                    0.4868968792975987,
                    0.20302775856808164,
                    -0.8495358486733098,
                    1.359010588380962
                ],
                [
                    0.0,
                    0.0,
                    0.0,
                    1.0
                ]
            ]
        },
        "img_62-undist.png": {
            "K": [
                [
                    2130.9,
                    0.0,
                    1058.4
                ],
                [
                    0.0,
                    2127.4,
                    1102.8
                ],
                [
                    0.0,
                    0.0,
                    1.0
                ]
            ],
            "T_CO": [
                [
                    0.6317419470851254,
                    -0.7731792067000774,
                    -0.055641950179103,
                    0.003775258224031177
                ],
                [
                    -0.6923303185629076,
                    -0.5304808775161052,
                    -0.48915106929079266,
                    -0.06878896395940798
                ],
                [
                    0.3486844451530317,
                    0.34753985802549614,
                    -0.8704224289343309,
                    1.5708707600014353
                ],
                [
                    0.0,
                    0.0,
                    0.0,
                    1.0
                ]
            ]
        },
        "img_6-undist.png": {
            "K": [
                [
                    2130.9,
                    0.0,
                    1058.4
                ],
                [
                    0.0,
                    2127.4,
                    1102.8
                ],
                [
                    0.0,
                    0.0,
                    1.0
                ]
            ],
            "T_CO": [
                [
                    -0.3459713882304979,
                    -0.8464145435460967,
                    0.4048286291747599,
                    0.03728748995004767
                ],
                [
                    -0.9154318016363711,
                    0.2099515112349764,
                    -0.34337294518196615,
                    -0.01891121316587501
                ],
                [
                    0.20564147217584816,
                    -0.48939021588483206,
                    -0.8474720063326856,
                    1.4024175491182687
                ],
                [
                    0.0,
                    0.0,
                    0.0,
                    1.0
                ]
            ]
        },
        "img_23-undist.png": {
            "K": [
                [
                    2130.9,
                    0.0,
                    1058.4
                ],
                [
                    0.0,
                    2127.4,
                    1102.8
                ],
                [
                    0.0,
                    0.0,
                    1.0
                ]
            ],
            "T_CO": [
                [
                    0.8779047017140863,
                    0.22092153005520476,
                    0.42482586110825243,
                    -0.03361186559868164
                ],
                [
                    0.38480847887320313,
                    -0.8535024627422344,
                    -0.35136303260336343,
                    0.05315056095938419
                ],
                [
                    0.2849662599249121,
                    0.47193985173007785,
                    -0.8343063028968435,
                    1.336009888917781
                ],
                [
                    0.0,
                    0.0,
                    0.0,
                    1.0
                ]
            ]
        },
        "img_50-undist.png": {
            "K": [
                [
                    2130.9,
                    0.0,
                    1058.4
                ],
                [
                    0.0,
                    2127.4,
                    1102.8
                ],
                [
                    0.0,
                    0.0,
                    1.0
                ]
            ],
            "T_CO": [
                [
                    0.6033657039889749,
                    0.7952083450902294,
                    -0.05994593521454957,
                    -0.1027924253650388
                ],
                [
                    0.6864062561440718,
                    -0.55613479883919,
                    -0.46857287271711784,
                    -0.06642802431622655
                ],
                [
                    -0.405951079289325,
                    0.2415735362554261,
                    -0.8813886474222827,
                    1.5806988069576837
                ],
                [
                    0.0,
                    0.0,
                    0.0,
                    1.0
                ]
            ]
        },
        "img_34-undist.png": {
            "K": [
                [
                    2130.9,
                    0.0,
                    1058.4
                ],
                [
                    0.0,
                    2127.4,
                    1102.8
                ],
                [
                    0.0,
                    0.0,
                    1.0
                ]
            ],
            "T_CO": [
                [
                    -0.9938468183011091,
                    -0.08962877487904532,
                    -0.06507829489502408,
                    -0.04670228020771109
                ],
                [
                    -0.04745029003851418,
                    0.8754200185016543,
                    -0.4810283371921279,
                    -0.16267706733748225
                ],
                [
                    0.1000848226656929,
                    -0.4749804984630885,
                    -0.8742863114287751,
                    1.6173917439204895
                ],
                [
                    0.0,
                    0.0,
                    0.0,
                    1.0
                ]
            ]
        },
        "img_100-undist.png": {
            "K": [
                [
                    2130.9,
                    0.0,
                    1058.4
                ],
                [
                    0.0,
                    2127.4,
                    1102.8
                ],
                [
                    0.0,
                    0.0,
                    1.0
                ]
            ],
            "T_CO": [
                [
                    0.5792629345024659,
                    0.7962359843318327,
                    -0.17453569825886192,
                    0.021046364240204916
                ],
                [
                    0.4450910094314185,
                    -0.4883393339509122,
                    -0.7506122089599264,
                    -0.024222873042876094
                ],
                [
                    -0.6828970976910884,
                    0.357117560715651,
                    -0.6372743536292601,
                    1.2579664108897934
                ],
                [
                    0.0,
                    0.0,
                    0.0,
                    1.0
                ]
            ]
        },
        "img_68-undist.png": {
            "K": [
                [
                    2130.9,
                    0.0,
                    1058.4
                ],
                [
                    0.0,
                    2127.4,
                    1102.8
                ],
                [
                    0.0,
                    0.0,
                    1.0
                ]
            ],
            "T_CO": [
                [
                    -0.06583933129187274,
                    -0.9963290403036018,
                    -0.054714037529162846,
                    0.017751801540204573
                ],
                [
                    -0.8725403588902307,
                    0.08408734683975631,
                    -0.48125111969652395,
                    -0.11059634700020174
                ],
                [
                    0.4840852244829899,
                    0.01605495403774516,
                    -0.8748735530853011,
                    1.5867528868674077
                ],
                [
                    0.0,
                    0.0,
                    0.0,
                    1.0
                ]
            ]
        },
        "img_64-undist.png": {
            "K": [
                [
                    2130.9,
                    0.0,
                    1058.4
                ],
                [
                    0.0,
                    2127.4,
                    1102.8
                ],
                [
                    0.0,
                    0.0,
                    1.0
                ]
            ],
            "T_CO": [
                [
                    0.4432956761381461,
                    -0.8946687707422318,
                    -0.055287739832698794,
                    0.011670123817957574
                ],
                [
                    -0.7968906750444525,
                    -0.3651042511988949,
                    -0.4813150088909457,
                    -0.08103275086831059
                ],
                [
                    0.41043171849215193,
                    0.2574231466187108,
                    -0.8748023365540932,
                    1.5759404392100222
                ],
                [
                    0.0,
                    0.0,
                    0.0,
                    1.0
                ]
            ]
        },
        "img_22-undist.png": {
            "K": [
                [
                    2130.9,
                    0.0,
                    1058.4
                ],
                [
                    0.0,
                    2127.4,
                    1102.8
                ],
                [
                    0.0,
                    0.0,
                    1.0
                ]
            ],
            "T_CO": [
                [
                    0.9090435324008606,
                    0.07783525626616292,
                    0.4093672301029318,
                    -0.023464995637498005
                ],
                [
                    0.223914523922984,
                    -0.9197578137445085,
                    -0.3223474058097346,
                    0.058844660215998774
                ],
                [
                    0.35142871564018396,
                    0.38469109287570347,
                    -0.8535283363108617,
                    1.3450571968306686
                ],
                [
                    0.0,
                    0.0,
                    0.0,
                    1.0
                ]
            ]
        },
        "img_88-undist.png": {
            "K": [
                [
                    2130.9,
                    0.0,
                    1058.4
                ],
                [
                    0.0,
                    2127.4,
                    1102.8
                ],
                [
                    0.0,
                    0.0,
                    1.0
                ]
            ],
            "T_CO": [
                [
                    -0.5304026580073593,
                    0.8265599036575857,
                    -0.18833944367628225,
                    0.017147105945782358
                ],
                [
                    0.6194731923017625,
                    0.22623039979983506,
                    -0.7517132233943145,
                    -0.06925347841933462
                ],
                [
                    -0.5787279018659738,
                    -0.5153819281581088,
                    -0.6320249075233016,
                    1.300807465102754
                ],
                [
                    0.0,
                    0.0,
                    0.0,
                    1.0
                ]
            ]
        },
        "img_1-undist.png": {
            "K": [
                [
                    2130.9,
                    0.0,
                    1058.4
                ],
                [
                    0.0,
                    2127.4,
                    1102.8
                ],
                [
                    0.0,
                    0.0,
                    1.0
                ]
            ],
            "T_CO": [
                [
                    -0.5750885207436607,
                    -0.7094497067229207,
                    0.40737489728704435,
                    0.027366638603659607
                ],
                [
                    -0.8161831495923327,
                    0.4635646539889357,
                    -0.34489545936944177,
                    -0.038253870657388396
                ],
                [
                    0.05584137919507071,
                    -0.5308379462725706,
                    -0.845631607242014,
                    1.4030148878172959
                ],
                [
                    0.0,
                    0.0,
                    0.0,
                    1.0
                ]
            ]
        },
        "img_96-undist.png": {
            "K": [
                [
                    2130.9,
                    0.0,
                    1058.4
                ],
                [
                    0.0,
                    2127.4,
                    1102.8
                ],
                [
                    0.0,
                    0.0,
                    1.0
                ]
            ],
            "T_CO": [
                [
                    0.9715416216053474,
                    -0.15600417173896935,
                    -0.17824021961524084,
                    0.08616345604461259
                ],
                [
                    -0.23654210074836493,
                    -0.5994699202432172,
                    -0.764646094148882,
                    -0.01616846500066336
                ],
                [
                    0.012438330354252403,
                    0.7850468222492392,
                    -0.6193115329253684,
                    1.2187815783280223
                ],
                [
                    0.0,
                    0.0,
                    0.0,
                    1.0
                ]
            ]
        },
        "img_104-undist.png": {
            "K": [
                [
                    2130.9,
                    0.0,
                    1058.4
                ],
                [
                    0.0,
                    2127.4,
                    1102.8
                ],
                [
                    0.0,
                    0.0,
                    1.0
                ]
            ],
            "T_CO": [
                [
                    0.30660257863230034,
                    0.9350811416106922,
                    -0.17781484015702867,
                    0.011971019172671916
                ],
                [
                    0.57085493332854,
                    -0.330130825741749,
                    -0.7517567977674291,
                    -0.03240754243876143
                ],
                [
                    -0.7616557646801426,
                    0.12898409397718866,
                    -0.6350146452093772,
                    1.2658872357715485
                ],
                [
                    0.0,
                    0.0,
                    0.0,
                    1.0
                ]
            ]
        },
        "img_37-undist.png": {
            "K": [
                [
                    2130.9,
                    0.0,
                    1058.4
                ],
                [
                    0.0,
                    2127.4,
                    1102.8
                ],
                [
                    0.0,
                    0.0,
                    1.0
                ]
            ],
            "T_CO": [
                [
                    -0.9665918358632342,
                    0.2477993997452414,
                    -0.06554143978004064,
                    -0.06890997537064791
                ],
                [
                    0.24818098340393013,
                    0.8408577462230056,
                    -0.4810035863623323,
                    -0.15920209362301815
                ],
                [
                    -0.06408137263823853,
                    -0.48120027857708647,
                    -0.8742653313371941,
                    1.6205950443603439
                ],
                [
                    0.0,
                    0.0,
                    0.0,
                    1.0
                ]
            ]
        },
        "img_107-undist.png": {
            "K": [
                [
                    2130.9,
                    0.0,
                    1058.4
                ],
                [
                    0.0,
                    2127.4,
                    1102.8
                ],
                [
                    0.0,
                    0.0,
                    1.0
                ]
            ],
            "T_CO": [
                [
                    0.9382525041640538,
                    0.29601628398501145,
                    -0.17904356465840104,
                    0.0564949652369819
                ],
                [
                    0.05754148569387448,
                    -0.6438632362945254,
                    -0.7629738595603925,
                    -0.014007904216091754
                ],
                [
                    -0.3411322556634356,
                    0.7055597016298796,
                    -0.621139510562588,
                    1.2228981811899486
                ],
                [
                    0.0,
                    0.0,
                    0.0,
                    1.0
                ]
            ]
        },
        "img_48-undist.png": {
            "K": [
                [
                    2130.9,
                    0.0,
                    1058.4
                ],
                [
                    0.0,
                    2127.4,
                    1102.8
                ],
                [
                    0.0,
                    0.0,
                    1.0
                ]
            ],
            "T_CO": [
                [
                    0.3261798587265593,
                    0.9433873226135043,
                    -0.060225071965466725,
                    -0.11425052023637819
                ],
                [
                    0.8220528488084577,
                    -0.31452976151675444,
                    -0.47465792196708634,
                    -0.0807265254315235
                ],
                [
                    -0.46672884368444706,
                    0.10531566195176016,
                    -0.8781075092610481,
                    1.5858687717818718
                ],
                [
                    0.0,
                    0.0,
                    0.0,
                    1.0
                ]
            ]
        },
        "img_15-undist.png": {
            "K": [
                [
                    2130.9,
                    0.0,
                    1058.4
                ],
                [
                    0.0,
                    2127.4,
                    1102.8
                ],
                [
                    0.0,
                    0.0,
                    1.0
                ]
            ],
            "T_CO": [
                [
                    0.5867398161331894,
                    -0.6976412282631681,
                    0.4111363579050737,
                    0.028312757931728445
                ],
                [
                    -0.610449419452259,
                    -0.714657401607663,
                    -0.34149129508346704,
                    0.04478732761752013
                ],
                [
                    0.5320600477900881,
                    -0.050611411310510106,
                    -0.8451926351967153,
                    1.3726641453265587
                ],
                [
                    0.0,
                    0.0,
                    0.0,
                    1.0
                ]
            ]
        },
        "img_8-undist.png": {
            "K": [
                [
                    2130.9,
                    0.0,
                    1058.4
                ],
                [
                    0.0,
                    2127.4,
                    1102.8
                ],
                [
                    0.0,
                    0.0,
                    1.0
                ]
            ],
            "T_CO": [
                [
                    -0.03803965375999226,
                    -0.9103190510372305,
                    0.4121555653639724,
                    0.04293713058411891
                ],
                [
                    -0.9302133088945495,
                    -0.11841410160116729,
                    -0.34739214225057263,
                    0.0036366223555550697
                ],
                [
                    0.36504271626382784,
                    -0.3966072690466784,
                    -0.8422864651898794,
                    1.388306389189863
                ],
                [
                    0.0,
                    0.0,
                    0.0,
                    1.0
                ]
            ]
        },
        "img_29-undist.png": {
            "K": [
                [
                    2130.9,
                    0.0,
                    1058.4
                ],
                [
                    0.0,
                    2127.4,
                    1102.8
                ],
                [
                    0.0,
                    0.0,
                    1.0
                ]
            ],
            "T_CO": [
                [
                    0.5355089332103867,
                    0.7438957505772463,
                    0.3998115740258013,
                    -0.07154706237150989
                ],
                [
                    0.8402914361367666,
                    -0.4219622779184057,
                    -0.3403794035618501,
                    0.025211943950756675
                ],
                [
                    -0.08450138937960756,
                    0.5182344530104358,
                    -0.8510537978917021,
                    1.333985537613011
                ],
                [
                    0.0,
                    0.0,
                    0.0,
                    1.0
                ]
            ]
        },
        "img_56-undist.png": {
            "K": [
                [
                    2130.9,
                    0.0,
                    1058.4
                ],
                [
                    0.0,
                    2127.4,
                    1102.8
                ],
                [
                    0.0,
                    0.0,
                    1.0
                ]
            ],
            "T_CO": [
                [
                    0.9926801452935601,
                    -0.10611062971521805,
                    -0.057677234689229015,
                    -0.040305844696601124
                ],
                [
                    -0.12076213719702195,
                    -0.8656660446154707,
                    -0.4858382502638232,
                    -0.044401286300444674
                ],
                [
                    0.0016233790574508872,
                    0.48924721098974666,
                    -0.8721436413683187,
                    1.5578226188349518
                ],
                [
                    0.0,
                    0.0,
                    0.0,
                    1.0
                ]
            ]
        },
        "img_69-undist.png": {
            "K": [
                [
                    2130.9,
                    0.0,
                    1058.4
                ],
                [
                    0.0,
                    2127.4,
                    1102.8
                ],
                [
                    0.0,
                    0.0,
                    1.0
                ]
            ],
            "T_CO": [
                [
                    -0.21447724408726068,
                    -0.9749390361158042,
                    -0.05910488665347813,
                    0.015820192954699573
                ],
                [
                    -0.8494658830408096,
                    0.2160576310714257,
                    -0.48138011342960724,
                    -0.1198830816791154
                ],
                [
                    0.4820863255874733,
                    -0.05303749535367134,
                    -0.8745168945012887,
                    1.592457052572657
                ],
                [
                    0.0,
                    0.0,
                    0.0,
                    1.0
                ]
            ]
        },
        "img_80-undist.png": {
            "K": [
                [
                    2130.9,
                    0.0,
                    1058.4
                ],
                [
                    0.0,
                    2127.4,
                    1102.8
                ],
                [
                    0.0,
                    0.0,
                    1.0
                ]
            ],
            "T_CO": [
                [
                    -0.8961669770558719,
                    -0.40089709788507494,
                    -0.19017430463094886,
                    0.10181883575984438
                ],
                [
                    -0.1302669168396515,
                    0.6474154367441505,
                    -0.750921955094184,
                    -0.09998808775146786
                ],
                [
                    0.4241642130256059,
                    -0.648178038175242,
                    -0.6324159637577653,
                    1.3203323131746463
                ],
                [
                    0.0,
                    0.0,
                    0.0,
                    1.0
                ]
            ]
        },
        "img_30-undist.png": {
            "K": [
                [
                    2130.9,
                    0.0,
                    1058.4
                ],
                [
                    0.0,
                    2127.4,
                    1102.8
                ],
                [
                    0.0,
                    0.0,
                    1.0
                ]
            ],
            "T_CO": [
                [
                    0.4104087134260718,
