{
    "model_path": "/home/ola/projects/weldpiece-pose-datasets/3d-models/node_adapter.ply",
    "img_dir": "/home/ola/projects/weldpiece-pose-datasets/ds-projects/wp-node-adapter/captures",
    "poses": {
        "img_0-undist.png": {
            "K": [
                [
                    2130.9,
                    0.0,
                    1058.4
                ],
                [
                    0.0,
                    2127.4,
                    1102.8
                ],
                [
                    0.0,
                    0.0,
                    1.0
                ]
            ],
            "T_CO": [
                [
                    -0.7437837866747913,
                    -0.6516860527659664,
                    0.14863030414428582,
                    -0.14869942685095258
                ],
                [
                    -0.3647059657013574,
                    0.2093211462159971,
                    -0.9072894887127595,
                    0.29052988859804
                ],
                [
                    0.5601564399893559,
                    -0.7290335701304396,
                    -0.3933634659717599,
                    1.9542579062731993
                ],
                [
                    0.0,
                    0.0,
                    0.0,
                    1.0
                ]
            ]
        },
        "img_90-undist.png": {
            "K": [
                [
                    2130.9,
                    0.0,
                    1058.4
                ],
                [
                    0.0,
                    2127.4,
                    1102.8
                ],
                [
                    0.0,
                    0.0,
                    1.0
                ]
            ],
            "T_CO": [
                [
                    -0.6325520381939425,
                    0.7647516827157074,
                    -0.1226082491522615,
                    -0.2289744498419639
                ],
                [
                    0.33579069049776167,
                    0.12813231145583664,
                    -0.9331809700888791,
                    -0.043311591876553736
                ],
                [
                    -0.6979416387863141,
                    -0.6314562332770807,
                    -0.33784685036832257,
                    2.2808159679689024
                ],
                [
                    0.0,
                    0.0,
                    0.0,
                    1.0
                ]
            ]
        },
        "img_105-undist.png": {
            "K": [
                [
                    2130.9,
                    0.0,
                    1058.4
                ],
                [
                    0.0,
                    2127.4,
                    1102.8
                ],
                [
                    0.0,
                    0.0,
                    1.0
                ]
            ],
            "T_CO": [
                [
                    0.46686114289015,
                    0.8681666296616803,
                    0.16830738665067893,
                    -0.0438781141234281
                ],
                [
                    0.541355964483902,
                    -0.13007884231196523,
                    -0.8306703404482928,
                    0.0464681505943339
                ],
                [
                    -0.6992670398188429,
                    0.4789219121366834,
                    -0.5307159401208293,
                    2.1659203259735675
                ],
                [
                    0.0,
                    0.0,
                    0.0,
                    1.0
                ]
            ]
        },
        "img_43-undist.png": {
            "K": [
                [
                    2130.9,
                    0.0,
                    1058.4
                ],
                [
                    0.0,
                    2127.4,
                    1102.8
                ],
                [
                    0.0,
                    0.0,
                    1.0
                ]
            ],
            "T_CO": [
                [
                    -0.40198261952599246,
                    0.9152826771784557,
                    0.02583784929246088,
                    -0.12904600812033215
                ],
                [
                    0.4124632514192827,
                    0.2061983555812975,
                    -0.8873310004638645,
                    -0.017894861073322724
                ],
                [
                    -0.817486415683866,
                    -0.34603447662423414,
                    -0.46040862411529326,
                    2.2171765332662194
                ],
                [
                    0.0,
                    0.0,
                    0.0,
                    1.0
                ]
            ]
        },
        "img_46-undist.png": {
            "K": [
                [
                    2130.9,
                    0.0,
                    1058.4
                ],
                [
                    0.0,
                    2127.4,
                    1102.8
                ],
                [
                    0.0,
                    0.0,
                    1.0
                ]
            ],
            "T_CO": [
                [
                    0.008197312094776787,
                    0.9996618758486776,
                    0.02467667013849404,
                    -0.1277585762165455
                ],
                [
                    0.45447415164605354,
                    0.01825707809187502,
                    -0.8905728070097062,
                    -0.010441069846188887
                ],
                [
                    -0.890722206728911,
                    0.01851521196882157,
                    -0.4541708239921725,
                    2.195904783303171
                ],
                [
                    0.0,
                    0.0,
                    0.0,
                    1.0
                ]
            ]
        },
        "img_47-undist.png": {
            "K": [
                [
                    2130.9,
                    0.0,
                    1058.4
                ],
                [
                    0.0,
                    2127.4,
                    1102.8
                ],
                [
                    0.0,
                    0.0,
                    1.0
                ]
            ],
            "T_CO": [
                [
                    0.07282596257441652,
                    0.997013244651308,
                    0.025709320585746605,
                    -0.1281224821374583
                ],
                [
                    0.45482424786220466,
                    -0.010258935744955438,
                    -0.8905221265044235,
                    -0.011381744978316408
                ],
                [
                    -0.8875986045120223,
                    0.07654635345496158,
                    -0.4542129159778028,
                    2.1972933627226574
                ],
                [
                    0.0,
                    0.0,
                    0.0,
                    1.0
                ]
            ]
        },
        "img_5-undist.png": {
            "K": [
                [
                    2130.9,
                    0.0,
                    1058.4
                ],
                [
                    0.0,
                    2127.4,
                    1102.8
                ],
                [
                    0.0,
                    0.0,
                    1.0
                ]
            ],
            "T_CO": [
                [
                    -0.8257423451996672,
                    -0.5545487545153371,
                    0.10307889313357119,
                    -0.3248107124329777
                ],
                [
                    -0.28765747663407876,
                    0.25682997513154165,
                    -0.9226546157747474,
                    0.32324872014581435
                ],
                [
                    0.48518321846563117,
                    -0.7915264005321746,
                    -0.37159548137714404,
                    1.9299819354321899
                ],
                [
                    0.0,
                    0.0,
                    0.0,
                    1.0
                ]
            ]
        },
        "img_10-undist.png": {
            "K": [
                [
                    2130.9,
                    0.0,
                    1058.4
                ],
                [
                    0.0,
                    2127.4,
                    1102.8
                ],
                [
                    0.0,
                    0.0,
                    1.0
                ]
            ],
            "T_CO": [
                [
                    -0.7103977020307508,
                    -0.6936555726404265,
                    0.11906742415249674,
                    -0.1844467857263527
                ],
                [
                    -0.3397284716676428,
                    0.18980709582585198,
                    -0.9211719882370084,
                    0.31440783731707433
                ],
                [
                    0.6163762410150121,
                    -0.6948490576513993,
                    -0.37049307226069167,
                    2.0235975853671277
                ],
                [
                    0.0,
                    0.0,
                    0.0,
                    1.0
                ]
            ]
        },
        "img_45-undist.png": {
            "K": [
                [
                    2130.9,
                    0.0,
                    1058.4
                ],
                [
                    0.0,
                    2127.4,
                    1102.8
                ],
                [
                    0.0,
                    0.0,
                    1.0
                ]
            ],
            "T_CO": [
                [
                    -0.1497373394652535,
                    0.9883759864040801,
                    0.026299024119332673,
                    -0.12884614984725068
                ],
                [
                    0.44782760650496867,
                    0.09151124138408406,
                    -0.8894246047599393,
                    -0.012457176941958713
                ],
                [
                    -0.8814925774060145,
                    -0.12140264494691069,
                    -0.456324702134342,
                    2.202266202111913
                ],
                [
                    0.0,
                    0.0,
                    0.0,
                    1.0
                ]
            ]
        },
        "img_53-undist.png": {
            "K": [
                [
                    2130.9,
                    0.0,
                    1058.4
                ],
                [
                    0.0,
                    2127.4,
                    1102.8
                ],
                [
                    0.0,
                    0.0,
                    1.0
                ]
            ],
            "T_CO": [
                [
                    0.734204378586209,
                    0.678486801364147,
                    0.024486544049502724,
                    -0.12442556985655868
                ],
                [
                    0.3025236579692984,
                    -0.29465314083483607,
                    -0.9064540600411262,
                    0.0008538660649987473
                ],
                [
                    -0.6078020786684716,
                    0.6729302987463225,
                    -0.42159393519768584,
                    2.214255640935005
                ],
                [
                    0.0,
                    0.0,
                    0.0,
                    1.0
                ]
            ]
        },
        "img_19-undist.png": {
            "K": [
                [
                    2130.9,
                    0.0,
                    1058.4
                ],
                [
                    0.0,
                    2127.4,
                    1102.8
                ],
                [
                    0.0,
                    0.0,
                    1.0
                ]
            ],
            "T_CO": [
                [
                    -0.993373757205315,
                    0.01621886470972977,
                    0.11377841149938567,
                    0.10652916637386123
                ],
                [
                    -0.10709207146267073,
                    0.22867634483143184,
                    -0.9675941388538741,
                    0.14272669783754124
                ],
                [
                    -0.04171170969440453,
                    -0.9733673909383156,
                    -0.22542416803063997,
                    1.9449637322663578
                ],
                [
                    0.0,
                    0.0,
                    0.0,
                    1.0
                ]
            ]
        },
        "img_62-undist.png": {
            "K": [
                [
                    2130.9,
                    0.0,
                    1058.4
                ],
                [
                    0.0,
                    2127.4,
                    1102.8
                ],
                [
                    0.0,
                    0.0,
                    1.0
                ]
            ],
            "T_CO": [
                [
                    0.6680979696094907,
                    -0.7438794371149116,
                    0.016984876840258165,
                    -0.1156227432386943
                ],
                [
                    -0.31858236200146844,
                    -0.3066069530251741,
                    -0.8969378211326491,
                    -0.011523467889606636
                ],
                [
                    0.6724212828467294,
                    0.5938312549826101,
                    -0.4418303509046626,
                    2.2297335274217676
                ],
                [
                    0.0,
                    0.0,
                    0.0,
                    1.0
                ]
            ]
        },
        "img_6-undist.png": {
            "K": [
                [
                    2130.9,
                    0.0,
                    1058.4
                ],
                [
                    0.0,
                    2127.4,
                    1102.8
                ],
                [
                    0.0,
                    0.0,
                    1.0
                ]
            ],
            "T_CO": [
                [
                    -0.7647792547991861,
                    -0.6252461172072701,
                    0.15549914580483684,
                    -0.058117290734843854
                ],
                [
                    -0.38191830709426183,
                    0.24556294413541507,
                    -0.8909754470095117,
                    0.26346518832041643
                ],
                [
                    0.5188941107153312,
                    -0.7407875089286929,
                    -0.42659438402323857,
                    1.9029673862436756
                ],
                [
                    0.0,
                    0.0,
                    0.0,
                    1.0
                ]
            ]
        },
        "img_23-undist.png": {
            "K": [
                [
                    2130.9,
                    0.0,
                    1058.4
                ],
                [
                    0.0,
                    2127.4,
                    1102.8
                ],
                [
                    0.0,
                    0.0,
                    1.0
                ]
            ],
            "T_CO": [
                [
                    -0.8414340187914385,
                    -0.537617053866761,
                    0.054375503787214056,
                    -0.104772061223083
                ],
                [
                    -0.3008221892426566,
                    0.3824617579989587,
                    -0.8736297923763829,
                    -0.006953019902738648
                ],
                [
                    0.448881724377084,
                    -0.7514591852256322,
                    -0.4835434731854882,
                    2.189152151057363
                ],
                [
                    0.0,
                    0.0,
                    0.0,
                    1.0
                ]
            ]
        },
        "img_50-undist.png": {
            "K": [
                [
                    2130.9,
                    0.0,
                    1058.4
                ],
                [
                    0.0,
                    2127.4,
                    1102.8
                ],
                [
                    0.0,
                    0.0,
                    1.0
                ]
            ],
            "T_CO": [
                [
                    0.3387145208602267,
                    0.9405765837419465,
                    0.02425208186437463,
                    -0.12522121167111439
                ],
                [
                    0.4315055126432165,
                    -0.13238260984412245,
                    -0.8923440127940422,
                    -0.009158297071315267
                ],
                [
                    -0.836107329185041,
                    0.31271478175357814,
                    -0.45070389321135185,
                    2.204626131293172
                ],
                [
                    0.0,
                    0.0,
                    0.0,
                    1.0
                ]
            ]
        },
        "img_34-undist.png": {
            "K": [
                [
                    2130.9,
                    0.0,
                    1058.4
                ],
                [
                    0.0,
                    2127.4,
                    1102.8
                ],
                [
                    0.0,
                    0.0,
                    1.0
                ]
            ],
            "T_CO": [
                [
                    -0.9989832564003389,
                    0.04033472284353606,
                    0.020138608812674024,
                    -0.130791037737933
                ],
                [
                    4.96453713160972e-06,
                    0.4468017233941206,
                    -0.8946330085277411,
                    -0.013509730233329232
                ],
                [
                    -0.04508273956990805,
                    -0.8937232961634036,
                    -0.44634764084477124,
                    2.2078328852761158
                ],
                [
                    0.0,
                    0.0,
                    0.0,
                    1.0
                ]
            ]
        },
        "img_100-undist.png": {
            "K": [
                [
                    2130.9,
                    0.0,
                    1058.4
                ],
                [
                    0.0,
                    2127.4,
                    1102.8
                ],
                [
                    0.0,
                    0.0,
                    1.0
                ]
            ],
            "T_CO": [
                [
                    0.8944766839122672,
                    0.4142114959813116,
                    0.16834577076433632,
                    -0.03693270677944372
                ],
                [
                    0.3630297446360631,
                    -0.4530267208982578,
                    -0.8142335013137488,
                    0.03289037897557017
                ],
                [
                    -0.260999744150812,
                    0.7894274043565347,
                    -0.555592932644139,
                    2.1493472049286875
                ],
                [
                    0.0,
                    0.0,
                    0.0,
                    1.0
                ]
            ]
        },
        "img_68-undist.png": {
            "K": [
                [
                    2130.9,
                    0.0,
                    1058.4
                ],
                [
                    0.0,
                    2127.4,
                    1102.8
                ],
                [
                    0.0,
                    0.0,
                    1.0
                ]
            ],
            "T_CO": [
                [
                    -0.01141876117349549,
                    -0.9996766692220944,
                    0.022719350921215856,
                    -0.12831041376157284
                ],
                [
                    -0.4458140436148757,
                    -0.015248007868108416,
                    -0.8949957188566923,
                    -0.008907728272263674
                ],
                [
                    0.8950527640362974,
                    -0.020348348067417806,
                    -0.4454957848531354,
                    2.188989931072763
                ],
                [
                    0.0,
                    0.0,
                    0.0,
                    1.0
                ]
            ]
        },
        "img_64-undist.png": {
            "K": [
                [
                    2130.9,
                    0.0,
                    1058.4
                ],
                [
                    0.0,
                    2127.4,
                    1102.8
                ],
                [
                    0.0,
                    0.0,
                    1.0
                ]
            ],
            "T_CO": [
                [
                    0.4310239527315271,
                    -0.9019076827839526,
                    0.027944300080176912,
                    -0.13578813383210236
                ],
                [
                    -0.36407963976608515,
                    -0.2021636468974052,
                    -0.9091621834309535,
                    0.0030107397076304296
                ],
                [
                    0.8256296797472144,
                    0.3816967272697293,
                    -0.4155035984345864,
                    2.199853637093121
                ],
                [
                    0.0,
                    0.0,
                    0.0,
                    1.0
                ]
            ]
        },
        "img_22-undist.png": {
            "K": [
                [
                    2130.9,
                    0.0,
                    1058.4
                ],
                [
                    0.0,
                    2127.4,
                    1102.8
                ],
                [
                    0.0,
                    0.0,
                    1.0
                ]
            ],
            "T_CO": [
                [
                    -0.8955856438918092,
                    -0.42590740252519943,
                    0.12856608778807743,
                    -0.04997898102559001
                ],
                [
                    -0.2853401137803271,
                    0.3281799464707883,
                    -0.9004881688296967,
                    0.22367973668506033
                ],
                [
                    0.3413317651826795,
                    -0.8431493386160417,
                    -0.4154417153688444,
                    2.0493392317699812
                ],
                [
                    0.0,
                    0.0,
                    0.0,
                    1.0
                ]
            ]
        },
        "img_88-undist.png": {
            "K": [
                [
                    2130.9,
                    0.0,
                    1058.4
                ],
                [
                    0.0,
                    2127.4,
                    1102.8
                ],
                [
                    0.0,
                    0.0,
                    1.0
                ]
            ],
            "T_CO": [
                [
                    -0.776801891407485,
                    0.6168636998484307,
                    -0.1267201535473325,
                    -0.2282184973594239
                ],
                [
                    0.30415401422852884,
                    0.19130666842470087,
                    -0.9332159954934939,
                    -0.044898751583075325
                ],
                [
                    -0.5514246613404465,
                    -0.7634663937761417,
                    -0.33622895241193484,
                    2.2821415554935602
                ],
                [
                    0.0,
                    0.0,
                    0.0,
                    1.0
                ]
            ]
        },
        "img_1-undist.png": {
            "K": [
                [
                    2130.9,
                    0.0,
                    1058.4
                ],
                [
                    0.0,
                    2127.4,
                    1102.8
                ],
                [
                    0.0,
                    0.0,
                    1.0
                ]
            ],
            "T_CO": [
                [
                    -0.849819889759397,
                    -0.518084971775558,
                    0.09692325309050277,
                    -0.22184575275361196
                ],
                [
                    -0.27740083755510014,
                    0.2832759355497784,
                    -0.9180433103411441,
                    0.3170971770110559
                ],
                [
                    0.4481684173310914,
                    -0.8070580563743333,
                    -0.3844507294156534,
                    1.8599293731388173
                ],
                [
                    0.0,
                    0.0,
                    0.0,
                    1.0
                ]
            ]
        },
        "img_96-undist.png": {
            "K": [
                [
                    2130.9,
                    0.0,
                    1058.4
                ],
                [
                    0.0,
                    2127.4,
                    1102.8
                ],
                [
                    0.0,
                    0.0,
                    1.0
                ]
            ],
            "T_CO": [
                [
                    0.22526294545840939,
                    0.9609850784992096,
                    0.1605125674371621,
                    -0.035571192363761064
                ],
                [
                    0.5773544213731785,
                    0.0010414595524366932,
                    -0.8164929806696706,
                    0.03452757720026376
                ],
                [
                    -0.7848047384695404,
                    0.2765982542675723,
                    -0.554594381698812,
                    2.1448243313283872
                ],
                [
                    0.0,
                    0.0,
                    0.0,
                    1.0
                ]
            ]
        },
        "img_104-undist.png": {
            "K": [
                [
                    2130.9,
                    0.0,
                    1058.4
                ],
                [
                    0.0,
                    2127.4,
                    1102.8
                ],
                [
                    0.0,
                    0.0,
                    1.0
                ]
            ],
            "T_CO": [
                [
                    0.7487391769786295,
                    0.6408688951835543,
                    0.1693419736615106,
                    -0.039964532725923346
                ],
                [
                    0.47623469402365987,
                    -0.342381400378311,
                    -0.8099231401084783,
                    0.030331601235030075
                ],
                [
                    -0.46107500589986045,
                    0.687067708352821,
                    -0.5615583701390678,
                    2.159075488009405
                ],
                [
                    0.0,
                    0.0,
                    0.0,
                    1.0
                ]
            ]
        },
        "img_37-undist.png": {
            "K": [
                [
                    2130.9,
                    0.0,
                    1058.4
                ],
                [
                    0.0,
                    2127.4,
                    1102.8
                ],
                [
                    0.0,
                    0.0,
                    1.0
                ]
            ],
            "T_CO": [
                [
                    -0.896614158691099,
                    0.4424473351619705,
                    0.017983493618422726,
                    -0.12876517180353075
                ],
                [
                    0.18914103925772446,
                    0.41938068411921303,
                    -0.8878882300471213,
                    -0.016529584781451598
                ],
                [
                    -0.4003857111625748,
                    -0.792691741722955,
                    -0.45970760805219146,
                    2.2150394378327523
                ],
                [
                    0.0,
                    0.0,
                    0.0,
                    1.0
                ]
            ]
        },
        "img_107-undist.png": {
            "K": [
                [
                    2130.9,
                    0.0,
                    1058.4
                ],
                [
                    0.0,
                    2127.4,
                    1102.8
                ],
                [
                    0.0,
                    0.0,
                    1.0
                ]
            ],
            "T_CO": [
                [
                    0.35358367801837826,
                    0.9276575828285043,
                    -0.12012490024875142,
                    -0.22189621908801538
                ],
                [
                    0.26976732796503833,
                    -0.22409212352788752,
                    -0.936487217710613,
                    -0.037338475517862096
                ],
                [
                    -0.8956585127165367,
                    0.29872082149314416,
                    -0.329487024638091,
                    2.2751236853227215
                ],
                [
                    0.0,
                    0.0,
                    0.0,
                    1.0
                ]
            ]
        },
        "img_48-undist.png": {
            "K": [
                [
                    2130.9,
                    0.0,
                    1058.4
                ],
                [
                    0.0,
                    2127.4,
                    1102.8
                ],
                [
                    0.0,
                    0.0,
                    1.0
                ]
            ],
            "T_CO": [
                [
                    0.21344334552212374,
                    0.9766365853238794,
                    0.02495833446439882,
                    -0.12777602145715444
                ],
                [
                    0.4476398818592221,
                    -0.07506008810553493,
                    -0.8910580897689285,
                    -0.009093262857453623
                ],
                [
                    -0.8683665553332797,
                    0.20136276562587918,
                    -0.4532025619942058,
                    2.1974419769022937
                ],
                [
                    0.0,
                    0.0,
                    0.0,
                    1.0
                ]
            ]
        },
        "img_15-undist.png": {
            "K": [
                [
                    2130.9,
                    0.0,
                    1058.4
                ],
                [
                    0.0,
                    2127.4,
                    1102.8
                ],
                [
                    0.0,
                    0.0,
                    1.0
                ]
            ],
            "T_CO": [
                [
                    -0.9804661311724807,
                    0.026060086868429897,
                    0.19495393685708887,
                    -0.026056472142995363
                ],
                [
                    -0.16221454484462014,
                    0.45340265848734285,
                    -0.8764202591893133,
                    0.33320083343807594
                ],
                [
                    -0.11123222134130295,
                    -0.8909247449414682,
                    -0.4403186253004286,
                    1.7087837893787647
                ],
                [
                    0.0,
                    0.0,
                    0.0,
                    1.0
                ]
            ]
        },
        "img_8-undist.png": {
            "K": [
                [
                    2130.9,
                    0.0,
                    1058.4
                ],
                [
                    0.0,
                    2127.4,
                    1102.8
                ],
                [
                    0.0,
                    0.0,
                    1.0
                ]
            ],
            "T_CO": [
                [
                    -0.9139350173099989,
                    -0.40552994598880565,
                    -0.016378249017777406,
                    -0.15156085722230356
                ],
                [
                    -0.14427513900297714,
                    0.3623391900626128,
                    -0.9208121391524124,
                    0.3466327344601774
                ],
                [
                    0.37935137854005957,
                    -0.8391994841818519,
                    -0.3896623632693695,
                    1.8536254938191514
                ],
                [
                    0.0,
                    0.0,
                    0.0,
                    1.0
                ]
            ]
        },
        "img_29-undist.png": {
            "K": [
                [
                    2130.9,
                    0.0,
                    1058.4
                ],
                [
                    0.0,
                    2127.4,
                    1102.8
                ],
                [
                    0.0,
                    0.0,
                    1.0
                ]
            ],
            "T_CO": [
                [
                    -0.9198809908241455,
                    -0.391596564261055,
                    0.02170469026099521,
                    -0.13254030019880433
                ],
                [
                    -0.19564924418952995,
                    0.41021937061595787,
                    -0.89075329986451,
                    -0.017273505907632453
                ],
                [
                    0.33991224745285953,
                    -0.8236335343041739,
                    -0.4539685729223567,
                    2.208846255318172
                ],
                [
                    0.0,
                    0.0,
                    0.0,
                    1.0
                ]
            ]
        },
        "img_56-undist.png": {
            "K": [
                [
                    2130.9,
                    0.0,
                    1058.4
                ],
                [
                    0.0,
                    2127.4,
                    1102.8
                ],
                [
                    0.0,
                    0.0,
                    1.0
                ]
            ],
            "T_CO": [
                [
                    0.9497091424265259,
                    0.3115003366115583,
                    0.031938770833552975,
                    -0.12990984976554057
                ],
                [
                    0.17042158826844958,
                    -0.4286114652712093,
                    -0.8872703613274399,
                    -0.015375706183285088
                ],
                [
                    -0.26269569285302596,
                    0.8480918300095531,
                    -0.4601426092283954,
                    2.2098707860565625
                ],
                [
                    0.0,
                    0.0,
                    0.0,
                    1.0
                ]
            ]
        },
        "img_69-undist.png": {
            "K": [
                [
                    2130.9,
                    0.0,
                    1058.4
                ],
                [
                    0.0,
                    2127.4,
                    1102.8
                ],
                [
                    0.0,
                    0.0,
                    1.0
                ]
            ],
            "T_CO": [
                [
                    -0.07571085931704169,
                    -0.9968693583754941,
                    0.0227892104625387,
                    -0.12744558273555093
                ],
                [
                    -0.4516287718947681,
                    0.013906539705558251,
                    -0.8920975622375846,
                    -0.013693509535085935
                ],
                [
                    0.888987805415968,
                    -0.07783373616529357,
                    -0.45126776013388387,
                    2.2075235279102112
                ],
                [
                    0.0,
                    0.0,
                    0.0,
                    1.0
                ]
            ]
        },
        "img_80-undist.png": {
            "K": [
                [
                    2130.9,
                    0.0,
                    1058.4
                ],
                [
                    0.0,
                    2127.4,
                    1102.8
                ],
                [
                    0.0,
                    0.0,
                    1.0
                ]
            ],
            "T_CO": [
                [
                    -0.7368605053608207,
                    -0.6630255893562332,
                    -0.13203659908607107,
                    -0.22729176941948528
                ],
                [
                    -0.12759840481423823,
                    0.3281957035251351,
                    -0.93595204325676,
                    -0.041397193522750446
                ],
                [
                    0.663893999617603,
                    -0.6728184361671891,
                    -0.3264354595096562,
                    2.272606433885516
                ],
                [
                    0.0,
                    0.0,
                    0.0,
                    1.0
                ]
            ]
        },
        "img_30-undist.png": {
            "K": [
                [
                    2130.9,
                    0.0,
                    1058.4
                ],
                [
                    0.0,
                    2127.4,
                    1102.8
                ],
                [
                    0.0,
                    0.0,
                    1.0
                ]
            ],
            "T_CO": [
                [
                    -0.9527172898182442,
