{
    "model_path": "/home/ola/projects/weldpiece-pose-datasets/3d-models/assembly_stiffener.ply",
    "img_dir": "/home/ola/projects/weldpiece-pose-datasets/ds-projects/wp-stiffener/captures",
    "poses": {
        "img_0-undist.png": {
            "K": [
                [
                    2130.9,
                    0.0,
                    1058.4
                ],
                [
                    0.0,
                    2127.4,
                    1102.8
                ],
                [
                    0.0,
                    0.0,
                    1.0
                ]
            ],
            "T_CO": [
                [
                    0.4696918576258596,
                    0.8664293399114407,
                    0.16938051192682926,
                    0.12820032080298097
                ],
                [
                    0.7049196101873787,
                    -0.25256556910804656,
                    -0.6627963310658884,
                    -0.011002798620629223
                ],
                [
                    -0.5314865022305304,
                    0.43070968440674035,
                    -0.7293910238719715,
                    2.019086215856375
                ],
                [
                    0.0,
                    0.0,
                    0.0,
                    1.0
                ]
            ]
        },
        "img_90-undist.png": {
            "K": [
                [
                    2130.9,
                    0.0,
                    1058.4
                ],
                [
                    0.0,
                    2127.4,
                    1102.8
                ],
                [
                    0.0,
                    0.0,
                    1.0
                ]
            ],
            "T_CO": [
                [
                    -0.6437909426909383,
                    0.7646128639289447,
                    0.03000650635262086,
                    0.02066651502756239
                ],
                [
                    0.6055749304250405,
                    0.5330714099208904,
                    -0.5908585918522825,
                    -0.16026604236818007
                ],
                [
                    -0.467773690741389,
                    -0.3622182218488347,
                    -0.8062169273904192,
                    1.8792032074982847
                ],
                [
                    0.0,
                    0.0,
                    0.0,
                    1.0
                ]
            ]
        },
        "img_105-undist.png": {
            "K": [
                [
                    2130.9,
                    0.0,
                    1058.4
                ],
                [
                    0.0,
                    2127.4,
                    1102.8
                ],
                [
                    0.0,
                    0.0,
                    1.0
                ]
            ],
            "T_CO": [
                [
                    0.5631051919690147,
                    0.8259006700913489,
                    0.02829533389449037,
                    -0.03417560273050645
                ],
                [
                    0.6752507259939318,
                    -0.4401127088147654,
                    -0.591892946895296,
                    -0.16981730656578997
                ],
                [
                    -0.4763916454160456,
                    0.35240443624107665,
                    -0.8055197784631991,
                    1.8839342066206604
                ],
                [
                    0.0,
                    0.0,
                    0.0,
                    1.0
                ]
            ]
        },
        "img_43-undist.png": {
            "K": [
                [
                    2130.9,
                    0.0,
                    1058.4
                ],
                [
                    0.0,
                    2127.4,
                    1102.8
                ],
                [
                    0.0,
                    0.0,
                    1.0
                ]
            ],
            "T_CO": [
                [
                    0.9941063521929525,
                    0.06452401005309573,
                    0.08711608724162286,
                    0.0948423145407517
                ],
                [
                    0.1072846828490123,
                    -0.7009883083106452,
                    -0.705057010771304,
                    -0.035519279539166435
                ],
                [
                    0.015574252971134583,
                    0.7102478748566925,
                    -0.703779368059297,
                    2.110009512396594
                ],
                [
                    0.0,
                    0.0,
                    0.0,
                    1.0
                ]
            ]
        },
        "img_46-undist.png": {
            "K": [
                [
                    2130.9,
                    0.0,
                    1058.4
                ],
                [
                    0.0,
                    2127.4,
                    1102.8
                ],
                [
                    0.0,
                    0.0,
                    1.0
                ]
            ],
            "T_CO": [
                [
                    0.7725983678090617,
                    0.6296461550047747,
                    0.081470740431633,
                    0.07958219673912784
                ],
                [
                    0.49065409072876276,
                    -0.510699035829089,
                    -0.7060064150235251,
                    -0.04958954413185262
                ],
                [
                    -0.4029271960415506,
                    0.585433355977384,
                    -0.7035037031879443,
                    2.1314912986000247
                ],
                [
                    0.0,
                    0.0,
                    0.0,
                    1.0
                ]
            ]
        },
        "img_47-undist.png": {
            "K": [
                [
                    2130.9,
                    0.0,
                    1058.4
                ],
                [
                    0.0,
                    2127.4,
                    1102.8
                ],
                [
                    0.0,
                    0.0,
                    1.0
                ]
            ],
            "T_CO": [
                [
                    0.633483170248063,
                    0.7695954814082719,
                    0.08013655850130791,
                    0.07751428927187942
                ],
                [
                    0.578384525219501,
                    -0.4021873162396376,
                    -0.709730021657933,
                    -0.05743904458603633
                ],
                [
                    -0.5139751102914184,
                    0.49595176948159786,
                    -0.6999010132504427,
                    2.126073912654514
                ],
                [
                    0.0,
                    0.0,
                    0.0,
                    1.0
                ]
            ]
        },
        "img_5-undist.png": {
            "K": [
                [
                    2130.9,
                    0.0,
                    1058.4
                ],
                [
                    0.0,
                    2127.4,
                    1102.8
                ],
                [
                    0.0,
                    0.0,
                    1.0
                ]
            ],
            "T_CO": [
                [
                    -0.807330996688224,
                    -0.5563470970995561,
                    0.19670935243474358,
                    0.16960076030548113
                ],
                [
                    -0.534925153986406,
                    0.5492454470211687,
                    -0.6420159799873651,
                    0.0033925210169336605
                ],
                [
                    0.24914201054623195,
                    -0.6235441816546877,
                    -0.7410269307559386,
                    2.0047891403388562
                ],
                [
                    0.0,
                    0.0,
                    0.0,
                    1.0
                ]
            ]
        },
        "img_10-undist.png": {
            "K": [
                [
                    2130.9,
                    0.0,
                    1058.4
                ],
                [
                    0.0,
                    2127.4,
                    1102.8
                ],
                [
                    0.0,
                    0.0,
                    1.0
                ]
            ],
            "T_CO": [
                [
                    0.2960369159344064,
                    -0.9333201957815284,
                    0.20316386625178814,
                    0.20977431239475977
                ],
                [
                    -0.6809318062136718,
                    -0.35537218701305967,
                    -0.6403455973020673,
                    0.02949342715349783
                ],
                [
                    0.6698462657137322,
                    0.05122519735329642,
                    -0.7407306929414251,
                    1.997422576916461
                ],
                [
                    0.0,
                    0.0,
                    0.0,
                    1.0
                ]
            ]
        },
        "img_45-undist.png": {
            "K": [
                [
                    2130.9,
                    0.0,
                    1058.4
                ],
                [
                    0.0,
                    2127.4,
                    1102.8
                ],
                [
                    0.0,
                    0.0,
                    1.0
                ]
            ],
            "T_CO": [
                [
                    0.8600998826698656,
                    0.5031272318221087,
                    0.08420914695153639,
                    0.08269383990064641
                ],
                [
                    0.40688096256015643,
                    -0.5770428606874233,
                    -0.7081450552223012,
                    -0.04710107613132593
                ],
                [
                    -0.3076947743095484,
                    0.6433385776779577,
                    -0.7010273891467428,
                    2.115300875900996
                ],
                [
                    0.0,
                    0.0,
                    0.0,
                    1.0
                ]
            ]
        },
        "img_53-undist.png": {
            "K": [
                [
                    2130.9,
                    0.0,
                    1058.4
                ],
                [
                    0.0,
                    2127.4,
                    1102.8
                ],
                [
                    0.0,
                    0.0,
                    1.0
                ]
            ],
            "T_CO": [
                [
                    -0.28594378614020854,
                    0.9548474996211598,
                    0.08063748281675334,
                    0.09297560674200296
                ],
                [
                    0.6583018936724682,
                    0.256892747081738,
                    -0.7075625295929965,
                    -0.08378113315776378
                ],
                [
                    -0.696329496686048,
                    -0.14923930100351498,
                    -0.702034801901542,
                    2.1574038856196576
                ],
                [
                    0.0,
                    0.0,
                    0.0,
                    1.0
                ]
            ]
        },
        "img_19-undist.png": {
            "K": [
                [
                    2130.9,
                    0.0,
                    1058.4
                ],
                [
                    0.0,
                    2127.4,
                    1102.8
                ],
                [
                    0.0,
                    0.0,
                    1.0
                ]
            ],
            "T_CO": [
                [
                    -0.9477926685592918,
                    -0.3132734219255324,
                    0.05957197781108148,
                    0.1908886628890713
                ],
                [
                    -0.2550067399980814,
                    0.6324174162787496,
                    -0.7314504591172674,
                    -0.031700493638929544
                ],
                [
                    0.19146963200676897,
                    -0.708454638422516,
                    -0.6792874246714822,
                    2.040168132130858
                ],
                [
                    0.0,
                    0.0,
                    0.0,
                    1.0
                ]
            ]
        },
        "img_62-undist.png": {
            "K": [
                [
                    2130.9,
                    0.0,
                    1058.4
                ],
                [
                    0.0,
                    2127.4,
                    1102.8
                ],
                [
                    0.0,
                    0.0,
                    1.0
                ]
            ],
            "T_CO": [
                [
                    -0.8933600627045248,
                    -0.4414143591452012,
                    0.08403072000761949,
                    0.16448744283606698
                ],
                [
                    -0.3634482455628259,
                    0.5998784811763143,
                    -0.7127770904138976,
                    -0.07317153226930531
                ],
                [
                    0.26422182188810894,
                    -0.6673074039466584,
                    -0.69633875195633,
                    2.149800462446829
                ],
                [
                    0.0,
                    0.0,
                    0.0,
                    1.0
                ]
            ]
        },
        "img_6-undist.png": {
            "K": [
                [
                    2130.9,
                    0.0,
                    1058.4
                ],
                [
                    0.0,
                    2127.4,
                    1102.8
                ],
                [
                    0.0,
                    0.0,
                    1.0
                ]
            ],
            "T_CO": [
                [
                    -0.8650696510720671,
                    -0.4626559253319659,
                    0.19391749160216176,
                    0.17067459411772015
                ],
                [
                    -0.46810141087809126,
                    0.6054727567997291,
                    -0.6436488249871015,
                    0.005019960512812085
                ],
                [
                    0.18037618448119067,
                    -0.6475741158574501,
                    -0.7403459978573869,
                    2.009453657314118
                ],
                [
                    0.0,
                    0.0,
                    0.0,
                    1.0
                ]
            ]
        },
        "img_23-undist.png": {
            "K": [
                [
                    2130.9,
                    0.0,
                    1058.4
                ],
                [
                    0.0,
                    2127.4,
                    1102.8
                ],
                [
                    0.0,
                    0.0,
                    1.0
                ]
            ],
            "T_CO": [
                [
                    0.5041470135376787,
                    -0.8498339924823574,
                    -0.15368140408824896,
                    0.07010344443278206
                ],
                [
                    -0.6538025609645421,
                    -0.259308118853198,
                    -0.7108456307617159,
                    -0.060551853023187094
                ],
                [
                    0.5642499446320267,
                    0.45884799740035065,
                    -0.6863530543856002,
                    2.144644491069525
                ],
                [
                    0.0,
                    0.0,
                    0.0,
                    1.0
                ]
            ]
        },
        "img_50-undist.png": {
            "K": [
                [
                    2130.9,
                    0.0,
                    1058.4
                ],
                [
                    0.0,
                    2127.4,
                    1102.8
                ],
                [
                    0.0,
                    0.0,
                    1.0
                ]
            ],
            "T_CO": [
                [
                    -0.09436168588028393,
                    -0.9924769280066725,
                    0.07800909954786704,
                    0.10868674622268161
                ],
                [
                    -0.7075857201679084,
                    0.011741547971466097,
                    -0.7065299602038801,
                    -0.058454850459219374
                ],
                [
                    0.7002987368632713,
                    -0.12186748305299558,
                    -0.7033704541150664,
                    2.1263314800257818
                ],
                [
                    0.0,
                    0.0,
                    0.0,
                    1.0
                ]
            ]
        },
        "img_34-undist.png": {
            "K": [
                [
                    2130.9,
                    0.0,
                    1058.4
                ],
                [
                    0.0,
                    2127.4,
                    1102.8
                ],
                [
                    0.0,
                    0.0,
                    1.0
                ]
            ],
            "T_CO": [
                [
                    -0.9853772319013225,
                    -0.16186374791105204,
                    0.05321501632692412,
                    0.10834885362013896
                ],
                [
                    -0.15115223963402172,
                    0.6862606678414449,
                    -0.7114768416662867,
                    -0.048903139769085044
                ],
                [
                    0.07864293550031497,
                    -0.7091166497029967,
                    -0.7006917052526674,
                    2.120715475583743
                ],
                [
                    0.0,
                    0.0,
                    0.0,
                    1.0
                ]
            ]
        },
        "img_100-undist.png": {
            "K": [
                [
                    2130.9,
                    0.0,
                    1058.4
                ],
                [
                    0.0,
                    2127.4,
                    1102.8
                ],
                [
                    0.0,
                    0.0,
                    1.0
                ]
            ],
            "T_CO": [
                [
                    -0.9343192885883066,
                    -0.3543895716976078,
                    0.03815099531895364,
                    0.004772368012796865
                ],
                [
                    -0.3078174475069525,
                    0.7482732856926507,
                    -0.5876525409874704,
                    -0.16360163786073
                ],
                [
                    0.17971056168780208,
                    -0.5607986460314541,
                    -0.808213457341031,
                    1.8678384632037406
                ],
                [
                    0.0,
                    0.0,
                    0.0,
                    1.0
                ]
            ]
        },
        "img_68-undist.png": {
            "K": [
                [
                    2130.9,
                    0.0,
                    1058.4
                ],
                [
                    0.0,
                    2127.4,
                    1102.8
                ],
                [
                    0.0,
                    0.0,
                    1.0
                ]
            ],
            "T_CO": [
                [
                    -0.8755644079189571,
                    0.4708088688265278,
                    -0.10828654865592255,
                    0.09825801889210924
                ],
                [
                    0.398996314135931,
                    0.5783568486777991,
                    -0.711551331172549,
                    -0.0898226963431066
                ],
                [
                    -0.2723764103065235,
                    -0.666214953766253,
                    -0.6942396751027424,
                    2.175107835318628
                ],
                [
                    0.0,
                    0.0,
                    0.0,
                    1.0
                ]
            ]
        },
        "img_64-undist.png": {
            "K": [
                [
                    2130.9,
                    0.0,
                    1058.4
                ],
                [
                    0.0,
                    2127.4,
                    1102.8
                ],
                [
                    0.0,
                    0.0,
                    1.0
                ]
            ],
            "T_CO": [
                [
                    -0.8996256710444368,
                    -0.4265690912386694,
                    -0.09334057208771697,
                    0.13325260859803925
                ],
                [
                    -0.2363147902886219,
                    0.6553615382062135,
                    -0.7173956886759426,
                    -0.07753542700593878
                ],
                [
                    0.36719064787749056,
                    -0.6233298201111518,
                    -0.6903846489251538,
                    2.1413226772196867
                ],
                [
                    0.0,
                    0.0,
                    0.0,
                    1.0
                ]
            ]
        },
        "img_22-undist.png": {
            "K": [
                [
                    2130.9,
                    0.0,
                    1058.4
                ],
                [
                    0.0,
                    2127.4,
                    1102.8
                ],
                [
                    0.0,
                    0.0,
                    1.0
                ]
            ],
            "T_CO": [
                [
                    -0.9463217158220842,
                    0.31763566304055746,
                    0.05985645937016121,
                    0.16695586478892932
                ],
                [
                    0.17396789353182493,
                    0.6565966934149481,
                    -0.7339045947646434,
                    -0.04675635538541832
                ],
                [
                    -0.27241582586855323,
                    -0.6840967532164887,
                    -0.6766101167252915,
                    2.0516420632540813
                ],
                [
                    0.0,
                    0.0,
                    0.0,
                    1.0
                ]
            ]
        },
        "img_88-undist.png": {
            "K": [
                [
                    2130.9,
                    0.0,
                    1058.4
                ],
                [
                    0.0,
                    2127.4,
                    1102.8
                ],
                [
                    0.0,
                    0.0,
                    1.0
                ]
            ],
            "T_CO": [
                [
                    -0.3840865357369116,
                    0.9225897448041521,
                    0.036134413622308646,
                    0.026159539719750248
                ],
                [
                    0.7412438834247366,
                    0.331450907716352,
                    -0.5836932422595125,
                    -0.16763527909959997
                ],
                [
                    -0.5504861836150239,
                    -0.19740430227382622,
                    -0.8111698361580943,
                    1.8825092948515005
                ],
                [
                    0.0,
                    0.0,
                    0.0,
                    1.0
                ]
            ]
        },
        "img_1-undist.png": {
            "K": [
                [
                    2130.9,
                    0.0,
                    1058.4
                ],
                [
                    0.0,
                    2127.4,
                    1102.8
                ],
                [
                    0.0,
                    0.0,
                    1.0
                ]
            ],
            "T_CO": [
                [
                    0.5870031037382126,
                    0.7853581879275332,
                    0.19657027460144366,
                    0.13229051243123613
                ],
                [
                    0.6798476292522312,
                    -0.34634766800992,
                    -0.6464135625620889,
                    -0.004999722636922263
                ],
                [
                    -0.4395845279372635,
                    0.5130846026916726,
                    -0.7372310582706768,
                    2.003374502626473
                ],
                [
                    0.0,
                    0.0,
                    0.0,
                    1.0
                ]
            ]
        },
        "img_96-undist.png": {
            "K": [
                [
                    2130.9,
                    0.0,
                    1058.4
                ],
                [
                    0.0,
                    2127.4,
                    1102.8
                ],
                [
                    0.0,
                    0.0,
                    1.0
                ]
            ],
            "T_CO": [
                [
                    0.9935690098643414,
                    -0.10873795412711817,
                    0.03157023866621517,
                    -0.008898677501855743
                ],
                [
                    -0.07059618612094,
                    -0.8129008632202384,
                    -0.578107572239777,
                    -0.13894117730259872
                ],
                [
                    0.08852570893458378,
                    0.5721610297005906,
                    -0.8153495906355686,
                    1.8664504447532206
                ],
                [
                    0.0,
                    0.0,
                    0.0,
                    1.0
                ]
            ]
        },
        "img_104-undist.png": {
            "K": [
                [
                    2130.9,
                    0.0,
                    1058.4
                ],
                [
                    0.0,
                    2127.4,
                    1102.8
                ],
                [
                    0.0,
                    0.0,
                    1.0
                ]
            ],
            "T_CO": [
                [
                    0.6489128286574358,
                    0.7601378757701742,
                    0.03320467773391155,
                    -0.0328074689832439
                ],
                [
                    0.630016007452513,
                    -0.5123375653140917,
                    -0.5836009334482121,
                    -0.17017854712051145
                ],
                [
                    -0.4266051701015833,
                    0.3996256110256657,
                    -0.8113614483415901,
                    1.8770676180763497
                ],
                [
                    0.0,
                    0.0,
                    0.0,
                    1.0
                ]
            ]
        },
        "img_37-undist.png": {
            "K": [
                [
                    2130.9,
                    0.0,
                    1058.4
                ],
                [
                    0.0,
                    2127.4,
                    1102.8
                ],
                [
                    0.0,
                    0.0,
                    1.0
                ]
            ],
            "T_CO": [
                [
                    0.968850279243558,
                    -0.24146194459788328,
                    0.055002415589581036,
                    0.09966848374530568
                ],
                [
                    -0.13337140790309365,
                    -0.6958856388385748,
                    -0.7056594399653244,
                    -0.024575288600178522
                ],
                [
                    0.20866529170810086,
                    0.6763425958560035,
                    -0.7064131150163732,
                    2.11343736215188
                ],
                [
                    0.0,
                    0.0,
                    0.0,
                    1.0
                ]
            ]
        },
        "img_107-undist.png": {
            "K": [
                [
                    2130.9,
                    0.0,
                    1058.4
                ],
                [
                    0.0,
                    2127.4,
                    1102.8
                ],
                [
                    0.0,
                    0.0,
                    1.0
                ]
            ],
            "T_CO": [
                [
                    -0.3332442409301434,
                    -0.9425052773417877,
                    0.025141162856400397,
                    -0.001118302296069234
                ],
                [
                    -0.7691639166432256,
                    0.2563403865230157,
                    -0.5853857493749605,
                    -0.17011610420415588
                ],
                [
                    0.5452844626623293,
                    -0.21441410499337596,
                    -0.8103650081037211,
                    1.873817320904167
                ],
                [
                    0.0,
                    0.0,
                    0.0,
                    1.0
                ]
            ]
        },
        "img_48-undist.png": {
            "K": [
                [
                    2130.9,
                    0.0,
                    1058.4
                ],
                [
                    0.0,
                    2127.4,
                    1102.8
                ],
                [
                    0.0,
                    0.0,
                    1.0
                ]
            ],
            "T_CO": [
                [
                    -0.46380108095112793,
                    -0.881688200759519,
                    0.08668606548925792,
                    0.11034214169356632
                ],
                [
                    -0.6562783473180337,
                    0.27619274281856665,
                    -0.7021511942992534,
                    -0.05543650935851798
                ],
                [
                    0.595136360971228,
                    -0.3825486707019124,
                    -0.7067313679143754,
                    2.1331020622738004
                ],
                [
                    0.0,
                    0.0,
                    0.0,
                    1.0
                ]
            ]
        },
        "img_15-undist.png": {
            "K": [
                [
                    2130.9,
                    0.0,
                    1058.4
                ],
                [
                    0.0,
                    2127.4,
                    1102.8
                ],
                [
                    0.0,
                    0.0,
                    1.0
                ]
            ],
            "T_CO": [
                [
                    -0.3365898305533758,
                    -0.9389274615627853,
                    0.07157169755786148,
                    0.20443994277923774
                ],
                [
                    -0.6630501871587485,
                    0.18234962532666726,
                    -0.7260255253446485,
                    -0.007070150759945836
                ],
                [
                    0.6686342313079687,
                    -0.2918284360141904,
                    -0.6839330586078679,
                    2.0269187985398016
                ],
                [
                    0.0,
                    0.0,
                    0.0,
                    1.0
                ]
            ]
        },
        "img_8-undist.png": {
            "K": [
                [
                    2130.9,
                    0.0,
                    1058.4
                ],
                [
                    0.0,
                    2127.4,
                    1102.8
                ],
                [
                    0.0,
                    0.0,
                    1.0
                ]
            ],
            "T_CO": [
                [
                    0.971483691938383,
                    -0.12811568482196573,
                    0.19951392833676593,
                    0.1590546663216447
                ],
                [
                    0.029480877981470085,
                    -0.7696569655181053,
                    -0.6377766327350853,
                    0.02553990711876378
                ],
                [
                    0.2352664747285747,
                    0.6254714435784106,
                    -0.7439322275158724,
                    1.9931102206835756
                ],
                [
                    0.0,
                    0.0,
                    0.0,
                    1.0
                ]
            ]
        },
        "img_29-undist.png": {
            "K": [
                [
                    2130.9,
                    0.0,
                    1058.4
                ],
                [
                    0.0,
                    2127.4,
                    1102.8
                ],
                [
                    0.0,
                    0.0,
                    1.0
                ]
            ],
            "T_CO": [
                [
                    0.5699853899357149,
                    0.8193254978644885,
                    -0.06182543011527392,
                    0.05100782735873248
                ],
                [
                    0.5527123231499895,
                    -0.43800806643871587,
                    -0.7089837950001106,
                    -0.05589258470475523
                ],
                [
                    -0.6079685379178532,
                    0.36993872774248093,
                    -0.7025094978847636,
                    2.150659217639597
                ],
                [
                    0.0,
                    0.0,
                    0.0,
                    1.0
                ]
            ]
        },
        "img_56-undist.png": {
            "K": [
                [
                    2130.9,
                    0.0,
                    1058.4
                ],
                [
                    0.0,
                    2127.4,
                    1102.8
                ],
                [
                    0.0,
                    0.0,
                    1.0
                ]
            ],
            "T_CO": [
                [
                    -0.7397016592460945,
                    0.6681898374275015,
                    0.07977340701752525,
                    0.11578215707483663
                ],
                [
                    0.43193702378354265,
                    0.5623468949078463,
                    -0.7051215336894199,
                    -0.09095841760347782
                ],
                [
                    -0.5160153706950891,
                    -0.4871224804359919,
                    -0.7045848609360668,
                    2.1732565233824452
                ],
                [
                    0.0,
                    0.0,
                    0.0,
                    1.0
                ]
            ]
        },
        "img_69-undist.png": {
            "K": [
                [
                    2130.9,
                    0.0,
                    1058.4
                ],
                [
                    0.0,
                    2127.4,
                    1102.8
                ],
                [
                    0.0,
                    0.0,
                    1.0
                ]
            ],
            "T_CO": [
                [
                    -0.786007871527773,
                    0.6106307932782628,
                    -0.09654874518469723,
                    0.08704794528041608
                ],
                [
                    0.4783993279241591,
                    0.5018618811328793,
                    -0.720603035871679,
                    -0.09095382215202971
                ],
                [
                    -0.3915682685536366,
                    -0.6125885132502297,
                    -0.6865927501042958,
                    2.1648058251328397
                ],
                [
                    0.0,
                    0.0,
                    0.0,
                    1.0
                ]
            ]
        },
        "img_80-undist.png": {
            "K": [
                [
                    2130.9,
                    0.0,
                    1058.4
                ],
                [
                    0.0,
                    2127.4,
                    1102.8
                ],
                [
                    0.0,
                    0.0,
                    1.0
                ]
            ],
            "T_CO": [
                [
                    -0.7951267984447874,
                    -0.6058486141900774,
                    0.026848297504783552,
                    0.05681594762392348
                ],
                [
                    -0.5036226425979009,
                    0.6350048031864205,
                    -0.585775668488272,
                    -0.18516697869289567
                ],
                [
                    0.3378425791069702,
                    -0.4792873424305486,
                    -0.8100284162473642,
                    1.8992910563499996
                ],
                [
                    0.0,
                    0.0,
                    0.0,
                    1.0
                ]
            ]
        },
        "img_30-undist.png": {
            "K": [
                [
                    2130.9,
                    0.0,
                    1058.4
                ],
                [
                    0.0,
                    2127.4,
                    1102.8
                ],
                [
                    0.0,
                    0.0,
                    1.0
                ]
            ],
            "T_CO": [
                [
                    -0.7013916404989896,
                    -0.7102538678526531,
                    -0.05991001450911071,
